chain_length,heads,tails
1,249994213,250002547
2,124999433,124994778
3,62500061,62499372
4,31253120,31246941
5,15625520,15627600
6,7814914,7810606
7,3907591,3907323
8,1954652,1952939
9,976861,977791
10,488769,488092
11,244346,244423
12,121776,122570
13,60914,60862
14,30481,30433
15,15221,15260
16,7762,7459
17,3863,3899
18,1918,1945
19,939,979
20,475,464
21,216,259
22,112,104
23,53,59
24,20,33
25,6,14
26,3,3
27,1,2
28,1,0
29,1,0
30,0,1
